y0=1/sqrt(4*pi)
t10=3.54610087294100957759
t11=1447.89716278004672463
t12=2118.73372805594105099
t13=1511.84944010435387429
t14=626.146497357333841450
t15=150.499918858411448822
t16=17.5656975948735164722
b11=409.575949311357645685
b12=1058.82495111270087468
b13=1212.46529527165938847
b14=793.426392342902669187
b15=317.475884697060174197
b16=75.2493180258648938763
b17=8.78286618683841345487
