y0=1/sqrt(4*pi)
t00=3.5449077018110320546
t01=4.7620939924651612669
t02=3.2736517696909315089
t03=1.3370733967672200514
t04=0.3379483486068736970
t05=0.0495097025414713913
t06=0.0032856284935104874
b01=2.4717410803076082425
b02=2.7125412557844385188
b03=1.7184681821170792768
b04=0.6812500035872723875
b05=0.1697538250352543577
b06=0.0247583422273647585
b07=0.0016426659918652294
